21
326
894
809
532
806
597
221
188
805
532
915
466
309
791
537
98
134
696
583
606
162
80
429
3
651
303
483
975
499
691
504
720
656
725
93
849
370
215
806
891
261
549
327
76
480
240
398
114
808
136
475
188
556
258
641
363
201
357
267
169
625
587
882
210
650
141
193
629
42
961
266
799
488
258
746
337
637
249
389
95
796
826
622
19
333
816
982
241
20
207
150
679
580
771
589
61
868
523
942
800
402
542
429
164
646
248
805
115
727
440
873
276
614
895
990
300
975
182
398
649
102
691
174
994
968
988
919
227
385
178
885
756
9
411
210
909
130
450
142
988
78
893
65
98
485
525
622
597
416
894
216
892
304
284
514
268
655
177
471
171
150
638
254
147
902
796
199
757
698
745
257
761
879
528
59
488
244
289
528
739
926
152
272
892
600
298
458
853
664
912
296
427
905
633
427
375
363
453
378
371
630
557
544
531
946
885
334
357
449
847
307
158
784
617
361
215
263
623
524
584
154
990
677
694
178
69
184
438
351
144
879
72
760
277
848
151
727
124
35
407
28
65
327
367
288
300
513
304
951
873
426
250
432
863
13
476
782
979
922
490
485
37
7
747
328
827
254
835
301
956
231
890
318
918
362
651
799
53
516
981
746
106
754
3
992
527
471
906
176
161
5
312
536
570
138
889
208
82
269
251
598
52
429
801
357
113
275
934
267
810
136
20
469
430
909
707
614
526
608
839
49
101
601
678
157
664
799
351
951
419
773
673
433
958
131
501
998
173
248
304
203
78
138
851
489
9
772
208
639
746
532
754
708
64
516
490
628
745
490
289
417
794
763
499
320
445
119
94
858
301
11
915
709
508
884
538
155
603
865
768
128
622
43
125
376
357
458
360
542
78
313
186
331
21
92
164
558
706
514
557
489
55
475
751
962
965
647
470
478
939
510
329
618
597
218
123
75
466
484
762
645
515
229
651
495
836
461
401
727
737
491
709
368
791
146
762
847
593
119
924
821
198
824
812
255
963
845
213
884
917
581
605
296
330
123
982
797
938
586
790
655
86
786
199
804
957
911
316
664
19
848
823
339
761
43
149
596
532
718
400
102
707
294
570
509
304
371
586
458
663
429
369
901
227
794
273
684
973
706
718
648
41
150
386
655
211
63
555
385
805
277
367
689
169
414
275
920
294
451
485
752
424
67
799
266
714
991
791
953
630
640
41
419
278
332
158
176
265
538
94
319
138
875
851
540
258
607
81
125
857
47
211
671
524
572
925
101
741
153
999
706
503
192
577
112
81
450
497
684
334
218
147
223
996
658
909
797
996
643
186
716
640
306
386
695
405
533
242
764
439
665
403
529
452
130
148
263
919
317
235
493
141
878
444
128
847
820
475
704
127
762
511
199
788
579
643
357
1000
436
69
873
218
626
342
481
61
703
576
855
360
440
335
768
439
32
516
720
16
841
42
382
383
775
379
342
167
751
179
11
386
628
158
423
6
65
46
213
408
96
665
59
336
490
24
573
325
834
563
827
230
993
849
254
681
981
116
635
845
488
143
672
937
606
939
546
615
744
411
569
435
291
62
410
794
284
19
492
53
6
841
311
17
150
888
447
75
659
719
434
859
151
997
270
43
691
696
838
337
944
961
354
653
788
819
376
224
745
534
655
383
752
919
910
405
335
588
781
5
727
512
778
654
865
929
708
717
944
78
766
396
700
535
696
279
14
507
535
205
132
234
359
554
223
299
17
111
826
619
59
581
236
557
198
847
447
713
96
121
448
396
759
30
243
602
728
756
265
726
895
217
109
468
525
760
392
618
138
602
230
360
98
976
634
132
50
615
988
930
960
149
743
527
113
320
423
993
99
193
792
421
962
990
987
650
747
602
597
996
836
513
664
98
810
404
571
733
174
519
448
286
181
339
523
904
334
153
958
969
831
128
303
357
33
882
146
657
397
118
215
531
487
108
137
634
846
805
654
36
422
114
581
642
455
643
163
627
378
823
391
674
760
881
125
184
714
796
494
328
164
460
129
271
282
266
734
839
507
696
976
308
557
701
293
991
322
226
671
937
85
617
772
485
59
871
549
961
39
897
754
976
886
497
77
307
842
365
90
355
130
773
901
937
553
386
733
633
669
241
868
983
162
897
368
905
979
634
965
807
951
892
381
130
408
485
67
181
134
704
273
166
737
864
286
807
798
616
353
36
4
481
945
913
316
318
442
396
835
636
598
273
411
589
605
699
435
515
726
5
124
756
242
28
14
211
289
12
378
824
393
921
858
740
79
496
130
424
7
281
925
122
404
657
833
464
197
237
775
478
865
433
492
947
701
267
118
383
105
225
18
128
302
296
142
320
7
872
82
13
134
780
944
692
130
431
949
319
628
794
987
843
248
854
956
819
730
818
753
681
833
953
693
601
233
612
674
307
639
436
271
515
704
634
951
917
346
840
848
298
372
263
57
307
101
886
784
594
612
992
122
495
485
121
143
322
571
921
907
95
608
551
939
752
531
437
980
74
897
547
128
341
726
55
56
785
57
117
567
843
18
889
183
523
496
774
1
38
488
213
854
206
652
917
994
94
639
775
418
193
106
792
446
970
520
491
117
361
726
426
258
620
569
582
546
223
160
470
320
769
913
658
138
607
976
855
473
931
917
81
621
837
896
309
674
30
690
742
374
94
917
750
603
686
555
173
333
38
22
503
102
763
159
405
578
869
701
96
19
968
639
691
216
114
423
687
766
292
15
755
391
110
806
692
340
270
815
235
85
1000
304
507
982
163
922
838
808
402
530
288
70
403
633
682
704
525
965
343
249
103
58
828
667
62
670
438
426
917
424
794
635
337
36
641
30
262
336
89
85
604
960
482
533
597
791
266
36
434
992
871
866
771
513
280
345
10
186
210
5
24
121
944
335
242
881
987
803
277
760
29
540
548
383
175
213
803
349
843
499
198
340
369
849
377
190
709
776
759
865
660
353
575
835
618
980
31
344
13
883
336
308
10
936
337
297
414
262
498
846
858
108
184
478
466
9
395
682
113
457
961
195
18
157
410
774
389
180
437
636
596
795
958
995
567
981
949
31
681
18
327
902
745
605
299
306
972
51
476
346
353
428
452
540
644
926
554
54
423
615
731
10
316
34
947
42
886
85
588
773
148
506
564
479
430
529
285
232
81
635
626
266
110
411
752
315
515
107
831
475
488
550
261
684
513
371
877
480
829
705
950
658
482
114
427
533
927
932
405
956
734
451
723
213
254
952
557
72
455
225
555
248
316
667
713
453
52
834
737
76
69
710
310
251
650
500
329
792
669
900
157
633
102
478
212
291
330
412
148
744
836
490
196
37
518
209
168
427
744
158
914
205
937
924
222
882
548
689
799
89
130
905
916
793
410
601
991
857
739
4
316
29
746
443
894
786
912
509
715
165
92
65
636
380
760
368
723
994
219
703
198
452
546
776
931
501
237
173
969
414
742
126
497
697
909
413
271
893
170
1000
412
466
356
268
487
107
355
917
45
842
17
224
959
591
658
583
235
316
356
809
632
965
179
846
799
167
123
808
149
356
173
189
838
141
262
178
732
243
662
522
543
718
109
79
281
590
977
410
758
977
229
194
491
887
189
126
485
442
26
14
776
240
358
326
97
619
230
329
992
113
931
323
93
11
286
146
702
571
726
228
764
667
157
285
60
125
901
546
400
715
495
539
372
831
395
82
221
431
16
494
963
879
393
624
675
654
55
172
40
85
119
3
762
989
759
290
573
80
676
280
585
663
777
784
301
602
789
200
745
231
859
884
359
675
208
63
525
893
741
590
949
588
449
941
369
910
586
605
324
725
567
258
948
323
361
792
41
728
847
683
108
736
770
861
180
700
49
159
755
869
489
215
891
22
158
226
91
967
66
446
346
683
735
235
61
319
904
725
877
659
49
316
641
701
451
294
304
636
122
851
655
612
377
754
39
7
214
847
389
603
492
259
604
637
945
567
70
253
818
537
306
246
237
856
240
379
360
929
925
247
857
889
372
306
29
592
985
566
544
427
864
775
325
472
764
116
212
377
987
736
779
953
799
374
228
161
685
277
376
139
188
437
198
589
49
917
353
175
521
453
36
173
566
771
606
336
640
841
191
722
285
121
368
911
502
646
496
676
710
906
561
149
829
397
130
456
212
209
660
114
81
796
925
515
888
231
444
516
140
457
707
126
394
440
102
885
10
934
972
126
626
820
15
142
210
522
936
300
10
552
235
888
735
100
207
842
931
549
797
430
476
237
382
123
183
354
817
283
571
214
476
155
280
67
371
629
743
781
399
294
874
559
743
99
674
729
361
186
787
390
574
152
900
924
297
287
399
357
889
757
377
183
595
92
888
87
191
389
782
285
822
47
726
539
378
400
582
110
14
163
643
350
522
937
498
737
117
257
776
901
975
576
876
86
148
607
515
220
441
491
423
191
133
290
591
246
496
620
334
320
74
228
185
138
691
159
801
141
968
681
459
688
279
369
82
84
656
720
613
778
239
427
713
970
428
730
315
294
359
899
241
609
385
211
160
493
514
975
642
65
16
401
98
771
93
68
899
522
778
223
15
452
557
106
136
7
657
57
92
920
662
510
603
301
163
980
487
155
883
199
240
381
95
460
190
234
936
560
429
132
430
496
60
100
825
524
93
335
702
378
334
28
261
380
594
869
445
528
213
75
858
517
720
461
231
353
381
507
799
233
571
421
36
389
707
164
942
817
623
221
662
989
299
151
673
212
167
868
484
403
83
3
193
966
936
287
796
552
261
724
633
663
586
621
18
496
933
987
750
638
54
606
594
442
599
835
271
552
696
225
828
442
354
458
608
246
445
413
626
733
470
329
425
98
794
885
607
570
629
926
882
192
970
136
570
524
662
864
86
68
457
566
678
133
717
816
613
949
167
650
615
715
518
369
373
1
752
294
999
292
923
629
256
546
559
232
842
771
922
793
32
759
12
1000
223
327
955
172
436
703
559
82
849
704
974
443
65
126
574
524
721
319
309
598
341
578
595
424
899
419
610
913
829
591
178
136
554
993
432
381
54
571
289
659
336
479
273
590
454
598
1
811
753
58
981
335
325
811
274
80
95
687
575
645
794
176
110
360
762
242
557
650
642
882
548
166
625
78
656
585
780
148
438
85
615
480
75
34
28
147
5
247
529
920
246
859
990
357
884
95
702
149
347
183
428
700
395
260
731
733
489
905
172
765
699
34
888
536
469
189
634
783
529
945
490
725
732
947
834
492
758
692
973
858
647
664
672
335
587
993
917
226
696
674
37
775
34
725
894
602
693
213
14
301
297
893
59
647
965
760
788
886
496
243
782
59
466
872
369
252
536
283
381
56
228
49
936
553
274
782
509
565
728
102
470
76
179
59
346
387
135
651
328
504
797
326
890
390
816
151
822
612
847
334
542
621
866
121
735
496
182
331
853
322
976
791
386
858
301
671
702
792
827
840
221
945
86
245
412
132
15
250
579
642
165
493
742
147
174
626
144
880
715
944
509
551
564
422
295
398
191
810
301
783
852
844
241
446
175
764
493
88
765
852
655
766
478
200
384
462
996
196
425
280
500
41
750
399
49
296
95
646
606
615
742
280
397
276
511
513
17
786
98
737
421
694
298
911
158
389
259
191
276
582
666
758
858
518
527
994
764
144
208
725
946
163
444
543
728
312
260
613
683
140
461
97
709
604
412
416
377
620
275
65
556
695
830
47
459
824
554
459
770
286
224
500
976
700
798
321
843
724
299
703
744
323
478
44
363
397
953
830
202
467
979
271
34
825
190
13
886
262
857
412
596
968
83
940
898
282
63
698
375
762
749
426
498
93
513
780
238
342
980
195
283
717
145
575
434
536
742
350
542
160
327
405
823
457
297
419
780
842
75
220
632
916
263
634
740
430
643
283
912
976
556
367
516
288
388
269
517
159
884
382
913
900
370
907
759
562
546
688
902
964
485
44
275
182
799
101
337
295
70
1000
408
331
772
776
505
250
5
110
959
336
642
340
381
27
733
156
90
542
88
297
434
567
883
48
744
230
341
705
689
469
72
967
886
655
709
599
190
733
845
760
414
308
644
852
22
123
488
876
469
905
95
126
76
794
713
271
561
822
75
204
414
592
428
17
757
675
439
657
993
870
245
926
619
31
559
559
774
429
941
11
287
685
76
741
99
417
349
394
6
319
640
722
974
355
462
442
62
391
980
338
387
790
741
672
74
261
987
820
967
346
741
8
180
303
871
721
164
628
382
244
777
618
351
254
400
427
84
10
461
630
227
20
417
266
537
196
352
870
550
337
671
696
183
441
883
656
938
918
484
392
824
144
399
342
944
307
304
984
990
845
158
28
272
812
117
420
696
376
215
813
452
119
25
706
699
395
135
319
673
697
868
772
229
222
661
867
39
23
844
200
316
108
283
36
95
329
283
801
325
509
52
170
488
980
755
195
266
397
466
368
536
559
206
614
411
347
432
351
657
613
7
807
383
299
876
920
685
247
898
12
169
750
71
133
324
618
145
448
399
263
70
576
231
302
420
487
573
648
76
603
483
902
770
10
630
220
455
839
36
215
812
283
311
758
601
94
811
399
711
718
865
784
463
365
967
454
247
458
682
317
712
132
649
865
147
59
885
957
42
463
40
94
918
104
266
245
306
818
931
233
522
325
188
195
287
148
612
618
700
205
472
42
242
459
805
842
539
899
987
681
109
708
468
770
475
6
699
28
370
872
237
445
242
720
462
570
587
559
679
384
188
511
906
832
656
735
618
833
617
808
732
782
894
895
540
51
886
659
652
910
296
800
436
495
903
383
948
482
743
997
817
859
229
764
631
383
21
500
871
952
833
251
96
969
545
757
62
645
444
633
500
47
424
634
603
757
976
488
989
843
357
905
702
954
399
259
243
614
959
209
979
779
731
963
626
621
105
851
633
344
226
142
901
858
885
110
576
658
631
799
82
810
265
830
811
880
403
637
662
965
1000
140
772
461
929
618
894
934
380
657
354
622
348
31
954
856
411
835
242
828
296
58
995
142
779
336
932
343
171
401
547
985
405
188
465
365
902
746
489
782
735
166
871
276
378
637
925
775
284
61
513
391
917
968
132
269
19
859
709
751
581
602
896
27
278
67
398
462
755
184
602
15
918
500
454
43
236
916
321
381
403
679
64
787
201
645
713
273
288
84
723
411
678
472
77
310
532
470
120
232
113
198
116
43
814
872
602
584
216
877
276
53
433
892
383
423
94
673
873
203
545
334
434
892
184
940
450
287
48
178
240
58
11
365
227
67
412
472
831
224
16
35
645
114
590
535
969
886
321
526
330
557
839
286
12
521
896
285
574
358
904
682
240
872
95
851
790
3
194
867
439
171
488
524
438
419
63
263
658
595
956
700
249
100
917
980
713
627
330
594
525
74
234
403
212
919
312
346
373
676
826
404
524
859
902
547
852
527
717
371
667
283
359
315
256
744
458
140
573
985
864
597
168
870
876
959
579
232
759
862
183
439
718
407
597
99
315
132
301
609
835
467
522
93
838
426
136
516
306
282
314
833
823
808
419
894
180
348
119
872
371
427
407
896
609
405
175
748
755
602
974
225
466
614
665
610
581
220
609
95
117
192
913
224
316
867
473
934
145
953
898
887
416
352
217
370
409
785
301
29
941
213
452
507
285
932
787
185
289
130
131
388
826
605
769
188
203
569
190
817
273
38
94
269
637
110
878
816
298
85
879
238
684
142
455
717
194
39
891
9
450
655
96
884
102
471
880
884
28
123
250
202
486
925
217
131
926
929
973
855
709
800
528
109
101
633
34
159
581
174
477
92
563
115
491
456
188
761
240
368
614
223
401
258
675
200
216
985
720
471
980
408
614
8
195
789
45
508
990
778
783
41
228
933
548
523
145
260
987
908
671
887
477
656
424
356
396
594
448
814
142
790
130
746
373
611
999
874
366
975
943
957
285
606
699
772
672
174
669
805
285
709
309
91
125
829
181
59
164
865
26
259
440
307
332
934
143
455
910
94
916
865
154
694
695
645
879
910
16
100
820
489
408
307
848
726
981
104
659
940
744
279
86
404
896
260
341
644
468
260
785
223
318
342
633
775
907
690
622
857
835
63
341
132
77
991
570
746
708
605
131
605
411
866
635
161
558
613
476
193
818
416
908
43
224
908
379
924
42
506
963
816
355
760
684
621
213
676
321
173
282
963
971
835
202
677
694
992
325
954
824
567
819
685
948
430
558
429
242
815
133
300
996
329
901
587
536
227
693
861
111
333
416
926
297
236
53
559
949
267
960
885
441
905
761
467
604
486
639
848
918
577
580
449
766
71
671
605
918
233
817
622
320
290
808
727
729
76
307
992
784
616
997
947
49
841
793
2
852
603
777
961
546
393
493
934
341
636
626
554
134
686
916
97
160
813
775
690
903
368
789
49
817
557
88
353
273
261
156
113
111
199
741
220
717
839
192
197
129
115
960
863
920
367
240
894
135
855
721
812
547
357
119
300
885
732
464
695
473
777
879
778
451
984
532
887
712
907
957
544
446
195
842
659
125
36
875
672
21
2
302
764
489
504
670
667
965
993
377
191
625
89
762
309
239
879
911
455
653
514
387
370
720
235
551
457
938
291
40
93
590
577
607
894
411
725
804
762
43
17
508
332
763
368
890
301
663
203
216
382
459
120
296
698
213
344
243
71
278
812
234
958
812
86
734
348
642
762
41
917
603
408
654
811
180
348
339
69
990
775
481
884
371
648
500
9
163
3
476
201
806
990
445
105
763
653
75
306
280
518
118
675
350
341
741
992
389
184
108
883
215
714
396
769
600
525
872
531
12
490
402
857
433
11
958
448
932
919
200
688
187
829
381
340
819
573
211
259
378
537
178
402
724
269
272
873
933
273
835
141
267
732
949
490
824
219
600
376
919
66
61
751
436
742
740
252
89
458
750
49
784
755
771
364
290
686
909
366
823
140
80
29
339
329
44
8
879
565
588
848
571
986
707
309
6
985
873
612
520
277
856
268
210
180
516
995
326
127
314
726
630
621
465
474
612
71
472
181
700
293
925
893
257
499
255
17
321
462
587
164
958
465
207
49
220
5
454
294
248
30
652
957
630
427
574
756
895
430
888
647
40
35
767
551
655
851
968
414
150
668
229
991
198
919
342
589
486
756
463
815
605
200
940
354
873
516
251
890
158
50
705
557
48
332
734
460
832
603
529
239
811
247
88
142
924
82
19
44
655
898
558
125
472
3
208
617
873
501
898
920
665
454
677
882
58
80
319
786
877
821
625
909
300
550
721
279
508
469
218
830
11
683
944
738
196
693
410
409
290
218
693
797
479
113
853
859
989
534
938
916
805
12
29
771
377
204
990
680
930
333
429
215
372
90
685
58
547
231
963
152
816
608
258
115
949
250
387
920
368
846
517
11
152
264
122
905
759
721
259
722
157
250
860
17
631
647
585
693
856
251
465
847
936
339
445
119
637
258
334
141
995
584
529
980
329
354
899
100
498
228
496
954
585
864
265
617
350
56
613
108
178
225
589
963
51
241
342
991
259
442
78
968
258
626
828
476
119
431
575
222
849
832
838
779
645
792
629
152
210
687
966
205
932
674
943
741
584
556
370
661
669
126
296
893
692
362
997
155
173
171
859
214
786
657
248
342
175
440
933
531
324
840
797
454
674
361
587
106
798
284
289
869
875
643
962
904
426
371
259
657
417
690
66
265
256
93
222
162
881
683
214
183
942
949
238
708
852
695
617
336
481
624
243
949
996
933
414
493
407
604
226
123
681
999
277
181
290
614
666
420
696
895
353
183
960
868
758
178
97
122
371
734
74
177
876
664
479
788
434
534
341
437
838
667
637
641
550
837
859
19
398
522
308
546
670
264
119
261
29
413
320
253
753
962
465
587
824
312
775
417
405
267
923
107
821
610
245
2
527
139
996
271
206
288
417
4
144
234
496
418
151
187
331
322
979
795
614
30
949
226
536
4
891
910
180
241
126
620
417
345
563
75
632
145
103
483
68
712
74
743
757
578
668
434
836
664
212
818
446
685
880
59
863
673
400
749
216
445
830
732
458
204
357
86
1
800
996
224
331
522
581
495
859
957
970
161
114
258
554
1000
388
919
733
520
501
541
452
311
608
94
664
518
626
164
151
828
788
605
163
857
199
430
33
936
270
580
929
146
374
533
498
751
232
756
976
852
788
983
425
965
971
67
215
561
135
26
189
28
675
783
74
49
586
95
808
744
44
61
610
50
615
689
675
989
7
629
871
222
404
224
421
127
623
653
695
641
759
953
29
542
464
119
222
956
741
909
13
732
259
946
76
779
79
125
368
894
500
41
375
895
213
247
428
673
325
26
595
296
465
636
862
169
556
682
527
103
856
931
200
608
574
82
898
841
607
909
907
158
784
627
937
903
733
246
712
440
525
266
726
461
691
554
4
2
809
131
316
893
398
430
432
82
163
903
69
534
25
533
84
584
654
960
341
637
954
740
32
463
275
186
869
779
915
584
594
802
62
443
913
244
307
338
449
599
155
296
150
30
167
625
185
314
406
466
61
238
293
721
784
830
535
727
603
721
820
201
688
824
723
218
140
872
169
466
605
547
685
231
560
422
745
415
173
459
574
326
583
325
731
511
337
104
746
975
337
372
744
398
874
36
445
850
201
50
141
57
55
876
660
482
168
768
564
703
770
560
498
262
551
409
14
693
103
551
54
459
13
599
6
611
228
17
442
163
982
926
519
201
459
247
601
835
897
559
443
241
173
95
399
453
914
219
710
413
841
478
85
203
266
265
50
589
855
273
482
481
725
939
399
134
550
200
533
619
324
384
606
461
583
814
140
127
515
28
527
895
369
333
632
642
263
260
553
670
19
683
930
374
836
867
704
428
206
685
93
512
846
488
282
786
934
693
359
418
922
737
564
233
323
222
213
631
358
998
450
434
497
864
487
610
623
471
874
324
323
746
145
818
131
293
609
86
79
399
962
541
205
793
608
419
605
809
956
476
857
699
900
40
231
555
667
426
679
982
279
214
616
524
183
348
664
904
826
150
446
665
778
415
250
382
283
725
953
708
653
623
777
599
203
680
868
949
537
539
612
386
372
890
655
901
371
973
875
275
751
157
871
850
558
799
361
633
766
245
943
80
159
25
352
104
159
167
629
576
457
78
640
493
749
775
745
198
53
956
892
472
207
389
950
75
234
602
546
952
651
237
450
960
811
890
423
780
863
985
787
80
704
972
273
435
932
501
11
924
554
836
763
53
283
530
126
293
332
702
302
902
801
597
727
540
47
233
286
869
714
423
770
148
441
118
784
453
374
635
995
182
537
81
232
321
634
216
694
330
743
789
552
249
878
801
588
433
595
647
687
872
109
909
315
692
570
419
907
32
596
811
50
677
531
404
3
646
352
159
214
370
671
791
786
939
798
216
852
84
519
160
60
919
8
748
362
655
750
911
730
281
337
133
522
224
110
462
439
251
200
262
749
50
395
308
421
700
752
377
497
253
322
713
497
133
998
187
804
271
9
696
135
286
890
470
527
222
577
590
420
250
166
93
649
917
869
654
348
624
840
160
661
468
694
148
127
88
10
754
110
115
613
108
551
984
483
748
4
373
326
203
724
344
535
190
367
125
512
91
612
733
322
958
522
884
794
349
25
12
387
859
731
410
825
97
478
15
205
683
444
497
887
436
443
301
640
484
493
652
9
483
522
50
298
970
160
654
227
201
677
611
139
132
257
269
163
740
246
761
684
193
978
737
177
670
529
672
140
178
72
772
212
993
710
221
279
913
516
734
507
345
309
953
874
539
103
631
273
759
568
473
141
794
192
72
56
789
406
440
923
920
708
626
387
868
931
730
827
171
884
181
419
422
471
948
413
959
133
319
685
474
184
575
926
252
718
813
515
987
689
710
115
187
11
498
853
267
452
569
301
325
845
42
745
242
963
456
279
22
918
310
776
377
26
204
700
463
943
747
999
505
434
708
600
463
100
963
507
303
15
995
403
344
630
20
61
579
958
64
282
523
473
537
402
939
99
503
489
830
645
121
98
670
316
403
261
583
311
446
47
470
324
8
860
652
929
31
178
325
906
566
603
185
812
438
922
451
715
119
936
244
910
34
396
458
722
309
580
853
624
912
844
929
579
356
712
274
338
812
392
170
589
656
350
310
309
881
375
552
90
581
417
821
707
7
33
236
525
81
635
820
29
811
606
728
154
544
874
190
647
505
664
760
55
517
749
769
37
573
171
363
725
956
480
418
149
421
715
125
697
314
289
752
338
724
492
845
933
853
873
248
530
659
476
31
681
579
682
897
92
985
950
592
128
887
629
770
291
87
492
969
298
866
751
755
887
775
33
748
59
594
900
425
292
134
290
900
279
684
847
93
939
87
586
747
411
270
106
239
980
637
62
660
448
318
662
857
308
200
607
401
22
345
540
697
42
286
403
926
941
471
571
914
457
923
108
740
382
383
624
924
203
561
854
677
783
941
346
330
143
279
426
840
388
564
826
236
391
991
711
177
652
143
941
43
969
544
33
369
510
166
139
148
641
486
909
757
812
452
615
798
811
726
920
343
327
698
527
577
121
558
54
248
180
357
556
893
733
610
400
46
603
788
321
302
263
296
638
403
43
216
953
831
885
576
949
970
211
870
125
187
667
250
336
348
116
130
943
191
266
644
521
958
391
711
252
280
561
673
285
253
249
252
466
758
946
250
202
92
717
670
5
696
139
526
495
541
133
762
363
838
452
859
246
666
533
836
109
996
381
548
830
448
848
949
937
652
681
205
198
440
583
519
730
244
166
444
176
689
842
669
221
917
859
994
673
460
591
341
483
307
420
607
6
389
842
953
254
188
968
50
423
167
476
599
81
150
247
375
824
368
542
356
464
277
659
855
185
23
940
54
699
466
27
767
631
574
898
32
410
351
341
665
482
105
755
436
50
957
93
118
410
177
63
358
246
53
639
970
559
686
608
779
514
14
50
124
384
78
62
742
597
438
686
317
187
986
450
337
619
230
954
372
142
802
725
478
753
549
654
758
41
544
86
565
903
723
190
778
369
745
98
960
763
160
347
172
713
808
930
587
681
663
467
260
384
397
552
480
756
359
153
138
949
279
164
678
241
913
299
218
747
72
32
676
551
896
912
687
235
175
996
458
704
888
437
675
842
278
502
667
684
901
458
218
246
578
364
489
911
939
698
373
869
415
177
680
42
203
939
639
248
964
172
139
589
623
246
480
616
941
286
572
787
792
200
319
557
178
445
819
774
674
145
992
279
314
427
36
375
545
980
500
144
205
560
9
548
272
511
401
117
953
948
615
34
638
738
363
868
987
556
804
63
964
364
968
259
138
512
256
695
874
113
193
334
979
989
87
795
265
458
635
916
607
78
960
91
760
250
732
752
810
75
673
520
426
396
919
815
648
466
665
968
611
633
480
306
43
598
692
744
927
907
323
853
788
169
421
80
115
731
623
135
238
876
962
877
872
954
539
475
255
199
523
474
263
357
928
665
901
110
656
462
864
639
106
987
187
246
506
168
315
437
508
322
80
668
878
984
602
58
395
914
458
633
665
64
878
978
935
990
637
905
158
175
838
406
244
434
895
559
850
910
245
619
953
216
485
861
722
957
198
437
793
522
102
272
253
894
754
345
330
598
757
167
850
598
550
485
716
729
416
825
36
829
990
880
699
546
192
186
29
750
410
174
286
531
940
99
698
599
539
483
272
73
82
686
581
163
554
151
988
98
253
931
460
825
1
300
580
925
390
125
619
799
329
249
207
843
164
111
153
151
91
307
45
839
896
587
700
310
315
415
495
930
214
557
242
784
394
656
487
556
621
422
775
353
760
351
600
752
660
342
259
266
686
337
467
243
193
700
333
237
283
836
954
657
552
774
624
784
485
387
184
500
157
993
337
524
733
470
66
303
534
217
280
120
463
378
976
279
135
610
188
673
584
396
119
637
857
195
855
126
779
556
480
491
339
962
171
497
451
877
127
963
112
360
54
659
362
412
669
40
397
538
596
817
608
11
954
54
664
886
908
718
414
879
549
738
839
226
905
86
61
59
210
963
800
983
176
95
634
205
920
853
930
127
122
528
964
85
424
857
202
337
892
695
738
629
384
270
424
365
30
789
712
256
327
561
594
621
400
638
174
743
894
600
611
34
566
610
370
577
89
619
870
594
870
790
489
200
48
105
822
703
722
434
689
89
869
634
245
877
280
547
926
349
80
174
22
115
450
88
852
406
703
860
776
979
695
203
619
260
77
721
346
117
787
295
738
769
531
233
629
833
77
540
358
83
156
729
804
75
355
436
73
6
428
928
639
158
507
197
87
635
91
719
693
318
686
820
788
265
858
454
951
109
9
156
208
463
708
682
20
264
832
69
981
231
742
361
153
459
800
608
659
626
200
850
863
802
3
82
817
105
561
276
775
867
295
136
828
564
754
824
893
941
392
803
979
4
840
131
673
643
19
394
90
772
318
98
811
574
302
238
215
471
182
544
632
41
112
908
331
323
735
682
798
465
762
604
580
867
922
981
90
819
993
532
403
506
800
665
674
724
707
280
445
193
227
836
577
852
688
774
729
808
282
34
257
882
265
974
524
436
331
386
239
637
313
918
193
357
494
961
642
196
960
607
802
736
94
684
892
647
211
899
128
192
633
388
85
175
700
811
487
388
984
819
967
635
864
183
352
48
916
106
282
914
475
909
5
878
506
778
928
51
91
186
56
165
62
340
490
722
666
853
636
588
677
942
841
202
459
910
391
939
863
940
154
179
613
692
62
94
237
989
558
968
844
953
459
599
349
235
631
466
503
613
755
745
890
422
175
506
507
91
999
683
774
354
162
773
221
607
941
488
426
255
912
34
433
304
617
869
799
559
516
529
836
358
268
642
833
827
436
261
653
713
585
249
75
882
172
472
291
758
215
232
293
986
241
826
842
82
746
376
449
212
447
137
691
160
523
216
545
593
162
401
535
816
793
905
424
417
198
168
752
473
582
898
334
63
893
125
528
855
776
630
423
69
231
128
524
527
354
411
267
918
537
917
838
202
877
141
170
845
783
268
263
984
21
519
361
840
823
545
563
213
305
203
49
850
604
909
234
855
593
718
301
830
984
787
405
276
137
454
673
474
370
558
896
434
824
222
262
852
384
844
207
378
544
416
689
429
701
839
46
418
617
199
83
987
431
415
352
309
135
109
514
79
808
870
433
853
956
500
403
408
805
142
959
501
80
841
654
622
51
920
869
583
81
860
250
819
595
854
345
871
344
909
752
246
593
304
113
370
443
888
213
90
318
807
946
553
629
909
376
175
880
808
631
581
137
996
940
142
841
160
10
796
205
22
743
624
144
802
711
953
453
591
142
419
919
780
102
739
569
155
834
812
594
981
777
147
305
913
963
58
897
844
783
959
284
395
443
629
657
552
696
302
713
536
181
448
506
406
328
124
216
842
646
238
23
535
316
2
782
163
704
479
834
322
383
709
741
181
486
166
902
673
547
554
930
107
875
542
619
307
789
497
977
926
12
576
10
593
139
247
265
808
850
77
491
219
858
900
849
392
166
610
88
507
951
485
996
423
499
105
435
445
717
236
287
685
532
479
839
432
337
111
135
428
387
784
111
645
478
543
839
757
17
156
942
590
252
333
636
107
53
26
554
75
825
716
949
812
531
123
664
18
343
219
846
158
299
427
38
431
519
734
604
725
30
49
155
266
537
496
379
488
957
858
949
159
426
881
69
242
132
137
487
280
803
646
243
483
95
179
708
90
301
752
150
401
601
938
241
410
689
660
330
482
604
485
896
996
216
564
691
575
738
470
472
731
780
158
252
486
221
453
132
399
645
892
642
605
284
366
67
635
655
16
870
705
510
150
598
415
595
899
654
594
81
688
229
627
283
824
750
982
848
444
520
838
507
66
600
760
948
640
210
946
106
449
80
936
405
725
993
729
220
155
676
817
667
2
107
441
888
509
714
589
8
960
772
869
591
768
953
356
712
819
903
446
349
699
888
514
780
192
632
14
809
864
407
39
557
644
467
978
308
437
860
218
305
48
990
792
224
658
274
470
136
139
670
159
823
429
820
806
348
286
721
177
637
688
285
202
601
91
452
862
846
808
419
347
642
127
618
368
261
537
147
346
609
281
340
525
604
393
352
955
601
51
690
695
690
75
589
625
124
280
76
698
844
338
377
217
611
797
474
817
735
162
46
375
346
364
619
431
134
513
967
186
307
642
413
79
519
897
190
578
898
463
474
851
746
4
233
556
30
575
304
878
437
319
627
22
93
19
841
33
640
814
462
773
154
504
746
378
564
856
27
586
783
748
709
368
364
805
760
953
746
391
906
197
868
287
867
250
894
656
724
708
284
785
390
830
211
140
622
994
657
29
752
990
309
347
334
113
884
809
84
889
922
359
140
261
683
174
207
217
537
126
406
901
119
825
749
239
366
636
221
177
378
919
197
102
848
38
247
361
208
886
7
915
665
843
77
378
89
437
761
644
13
445
500
563
369
390
764
149
145
606
817
386
11
925
323
551
596
718
924
707
478
117
692
197
846
605
156
434
2
507
637
699
182
322
804
41
4
321
342
366
200
322
324
138
238
852
382
116
235
900
208
177
36
687
149
139
143
230
688
964
662
745
251
947
579
927
609
326
508
526
512
859
236
559
235
587
132
982
849
105
33
794
845
685
27
64
667
789
231
870
385
328
182
751
1
58
901
276
254
440
730
240
125
905
535
129
71
432
564
1
776
848
219
652
922
873
88
83
562
178
103
16
867
155
379
405
348
341
452
178
852
440
621
267
693
444
115
120
578
595
409
863
34
302
25
295
990
238
184
897
783
31
315
885
98
983
728
910
263
176
564
182
118
989
859
752
919
896
787
921
463
930
404
886
922
212
907
728
833
434
668
921
330
679
485
972
188
193
228
502
562
315
648
503
540
20
546
226
32
56
749
644
911
606
737
613
287
671
328
429
818
490
612
504
816
450
39
604
567
995
198
560
772
65
934
573
733
323
714
199
669
869
985
775
580
605
677
214
645
192
20
292
577
352
428
782
266
377
129
294
267
121
91
97
629
440
47
665
857
969
752
9
343
362
898
800
43
119
86
577
553
567
874
94
184
570
398
431
996
88
821
347
93
859
72
850
226
701
373
935
489
574
401
795
976
732
106
979
265
938
330
886
22
546
478
208
778
613
679
917
298
131
254
586
557
24
506
866
112
522
398
498
487
279
402
542
471
983
744
863
104
894
372
369
872
957
260
641
844
818
6
111
22
77
392
928
760
432
85
432
403
772
669
445
772
627
388
984
546
378
458
676
980
376
15
791
683
391
749
766
506
562
542
549
54
669
290
542
101
522
795
881
582
261
337
401
215
189
338
890
623
310
550
15
694
61
610
214
273
538
39
414
86
994
960
45
706
449
628
626
693
330
581
335
347
567
118
957
690
632
738
551
23
349
594
868
994
149
559
1
778
951
34
574
613
883
654
336
382
978
552
910
203
898
315
322
572
324
152
749
448
634
800
352
413
663
62
937
802
408
87
529
757
581
394
516
150
832
243
279
506
302
717
390
717
95
692
65
51
780
961
261
562
898
436
209
238
17
785
125
646
304
583
486
229
651
28
757
659
844
845
263
501
109
227
987
422
998
154
883
532
123
282
457
501
326
13
181
488
526
45
386
349
437
45
287
187
326
408
164
953
210
663
411
395
914
8
4
994
882
843
999
941
684
510
793
759
158
2
210
947
122
921
278
240
873
609
714
122
400
851
85
751
936
701
452
560
804
257
513
28
396
64
89
156
154
543
918
248
188
421
259
72
378
759
223
851
162
809
234
846
902
955
77
228
397
814
412
164
307
443
783
484
397
79
206
353
562
484
884
340
528
57
772
165
54
677
926
948
501
506
658
739
188
306
292
978
815
286
931
973
837
688
1000
703
591
132
196
407
651
37
372
437
624
345
194
264
650
91
244
742
253
738
916
550
518
397
546
882
416
875
485
513
333
730
216
508
47
582
256
502
961
787
993
174
42
184
24
485
169
650
883
649
608
820
383
676
559
760
386
886
631
774
408
451
546
527
773
720
767
188
729
744
768
290
284
949
894
336
455
457
526
640
395
99
905
606
75
536
355
816
693
782
593
62
367
361
631
279
355
989
250
149
804
2
90
448
972
555
823
47
689
860
293
909
211
149
483
32
705
533
516
382
214
314
743
745
68
159
595
931
649
564
794
933
829
735
825
414
77
227
688
113
493
30
251
596
635
383
327
704
426
933
850
428
171
836
101
181
855
523
279
37
884
497
502
934
541
480
36
846
516
491
944
112
940
28
665
198
90
847
140
333
981
87
490
427
401
893
937
344
785
324
457
808
224
270
854
169
227
397
153
816
428
246
645
156
597
971
277
861
579
34
796
405
987
530
19
617
531
272
880
254
745
462
15
795
885
839
969
860
517
92
852
32
343
292
484
405
849
126
190
329
584
439
481
255
255
483
665
432
424
195
216
405
432
967
700
46
742
738
19
994
351
75
609
57
333
960
579
667
33
65
317
500
62
198
564
79
928
884
506
351
269
771
689
138
20
650
981
675
376
603
256
408
726
418
334
994
939
477
357
756
588
201
869
379
805
237
365
80
807
11
708
816
704
333
45
464
444
636
846
759
322
950
214
404
630
627
582
956
972
692
535
636
449
568
755
483
671
942
499
966
57
714
616
166
179
365
353
31
199
483
402
1000
102
961
214
934
312
70
321
3
663
470
164
298
904
809
789
745
712
670
944
192
170
943
340
676
675
959
973
350
904
992
192
243
854
3
190
291
243
292
298
334
490
405
207
81
352
258
197
620
351
554
756
197
138
749
979
697
313
415
139
716
259
876
395
687
222
216
444
642
638
686
607
114
418
236
891
65
957
40
261
918
442
583
121
630
441
748
530
75
814
445
707
543
502
677
910
793
267
457
478
254
593
71
252
824
144
761
429
797
764
735
838
552
703
962
952
364
994
444
822
256
449
410
14
768
882
451
260
769
77
101
778
533
941
497
280
687
991
446
761
647
628
388
761
781
807
291
303
9
360
377
976
555
104
747
813
825
97
803
355
641
735
465
720
55
97
289
834
733
785
363
479
40
547
908
403
627
499
726
535
580
906
847
195
193
589
89
642
131
898
323
610
625
996
261
905
558
976
140
90
3
779
897
508
194
892
714
850
794
365
687
769
900
460
631
91
573
731
296
759
557
376
517
509
986
874
531
815
988
944
745
449
361
286
492
220
855
850
154
347
342
732
386
831
485
245
548
503
366
647
784
261
630
618
66
15
198
684
981
886
898
992
608
619
365
480
106
453
722
404
52
641
347
770
461
83
273
642
44
539
340
367
95
856
876
905
313
96
491
401
753
697
671
796
337
463
148
206
929
91
407
35
327
811
415
254
700
598
566
578
24
203
327
791
836
967
543
138
158
475
729
38
113
473
104
128
684
838
607
438
438
211
546
167
840
306
597
142
68
490
380
869
605
876
31
692
171
366
941
321
581
938
785
540
398
881
966
366
723
763
404
277
979
385
266
471
83
857
346
174
294
845
609
226
667
66
964
824
181
150
663
711
39
950
471
613
540
523
953
339
276
355
671
670
692
477
499
746
258
514
451
161
733
394
846
281
124
860
852
113
555
113
840
376
948
283
221
671
15
838
14
354
109
428
432
468
330
316
623
140
915
960
292
66
484
374
779
332
252
562
94
283
949
191
281
720
94
813
958
535
584
364
970
141
958
219
322
745
585
234
317
19
515
519
880
452
118
39
470
164
159
805
764
650
407
131
976
484
106
228
573
716
79
477
769
303
927
851
70
659
655
259
954
362
499
442
72
277
883
671
902
324
48
406
520
392
83
636
285
731
98
557
289
210
445
214
692
202
275
4
295
279
253
901
668
188
218
754
901
904
297
783
464
339
523
830
902
28
563
56
127
447
321
971
211
731
103
718
389
838
183
194
117
308
164
136
161
354
938
207
386
463
836
135
604
991
467
746
997
299
885
505
826
482
876
176
655
612
752
324
496
330
505
988
278
649
875
701
790
35
743
890
242
895
75
744
767
969
416
292
215
660
706
385
81
310
334
556
442
353
659
533
404
510
66
857
750
936
362
583
401
143
186
532
380
738
988
517
790
955
1000
926
517
609
926
700
747
70
9
535
680
56
618
62
846
683
140
680
210
471
110
789
99
586
883
140
978
216
622
953
299
864
469
907
329
354
486
473
179
448
697
722
971
148
107
991
25
44
469
583
16
746
189
863
468
737
600
206
358
718
295
285
438
131
575
255
646
796
501
753
460
251
359
648
710
576
863
637
177
712
7
517
261
857
184
265
529
67
783
102
919
130
591
866
643
661
488
335
320
961
116
653
289
347
548
23
936
574
875
667
858
9
337
829
255
385
726
876
939
24
658
441
579
873
29
946
119
626
909
349
470
474
62
449
81
880
136
511
462
367
641
960
308
957
910
364
339
993
258
818
27
865
7
304
202
643
331
593
336
602
274
794
254
576
605
830
645
782
203
463
46
28
648
420
823
31
73
952
167
176
432
694
737
975
721
769
894
646
731
399
582
982
32
619
608
114
778
755
635
409
868
610
700
326
651
232
604
67
152
452
569
19
333
696
817
751
513
653
966
585
500
848
276
573
613
923
824
655
376
714
370
169
928
355
610
233
504
952
780
708
310
768
528
449
657
298
593
480
564
997
245
187
785
692
424
437
54
162
642
522
103
84
5
713
123
372
553
303
119
363
358
971
492
654
315
629
754
693
914
339
632
873
281
53
741
485
953
801
616
977
211
727
654
241
675
448
219
701
616
639
669
617
181
449
176
555
243
809
254
223
236
345
715
135
254
908
177
730
101
755
729
658
418
969
695
431
592
809
117
598
867
417
627
467
331
539
711
210
594
229
256
470
118
679
675
43
323
69
429
144
148
494
179
919
167
434
975
186
146
415
483
32
484
638
65
626
159
839
396
128
353
42
652
6
645
822
863
996
225
936
602
538
687
934
56
90
148
288
434
440
792
109
450
243
335
201
448
296
911
607
28
309
922
21
142
387
584
918
43
62
852
188
64
867
945
882
968
349
818
990
540
245
62
936
949
568
837
625
581
28
453
899
136
269
627
24
105
523
928
599
613
479
31
246
569
627
738
832
619
815
963
761
69
174
715
598
158
843
618
928
328
139
786
488
665
334
747
662
367
548
463
705
207
230
69
616
411
354
967
636
963
941
73
925
222
680
828
115
881
720
202
378
956
963
351
158
231
870
795
164
597
669
357
88
666
312
228
301
908
226
236
95
615
498
867
912
189
303
792
13
301
423
790
389
178
294
243
550
829
10
289
732
637
21
119
151
15
643
939
1000
481
144
240
333
113
467
124
62
37
315
304
767
106
367
58
547
601
286
573
293
201
797
194
34
292
521
717
959
641
600
719
872
528
927
735
550
426
57
640
174
458
998
195
887
496
242
957
619
884
593
668
434
187
175
819
912
172
442
486
242
777
739
647
698
988
275
98
259
551
158
40
212
277
221
289
672
760
436
427
290
574
42
611
237
800
113
336
446
100
169
725
660
652
647
246
993
317
141
812
885
788
778
89
574
174
355
360
857
312
629
488
201
810
3
799
316
362
746
99
349
518
752
211
856
703
971
735
525
576
534
276
602
455
558
607
55
341
706
155
758
806
555
249
103
584
611
472
418
99
272
916
638
668
676
184
424
453
979
347
865
667
376
296
778
29
200
175
129
968
352
543
509
551
977
755
672
745
730
127
391
281
422
451
302
465
894
443
166
587
905
116
833
886
259
606
45
894
296
221
373
873
207
286
853
158
81
449
459
500
193
196
819
453
600
27
694
198
600
732
911
873
610
588
248
788
733
129
164
864
141
706
455
756
336
632
588
696
785
218
970
268
882
362
778
969
552
102
700
956
889
616
178
717
89
543
450
467
28
105
124
723
212
250
362
993
34
731
595
588
700
7
494
495
360
147
862
840
525
621
237
946
350
851
441
283
607
859
391
449
457
216
36
75
673
837
295
855
394
423
13
677
918
519
518
705
951
89
222
20
419
736
370
750
460
390
39
567
890
661
586
801
443
38
115
253
257
22
573
474
138
17
909
567
253
94
657
632
329
644
946
257
543
943
66
459
692
720
374
64
383
351
747
21
831
257
132
612
550
936
894
64
392
771
451
790
603
250
768
43
592
754
937
23
947
331
972
236
710
922
41
416
725
154
646
613
795
515
443
97
342
970
613
58
506
904
977
763
233
892
131
368
423
541
699
138
321
3
920
236
823
462
285
998
504
901
446
114
698
577
969
794
782
306
768
255
608
508
542
527
683
831
637
556
599
63
104
239
460
353
405
956
338
855
728
995
455
285
118
41
935
529
930
433
779
92
256
449
144
756
47
541
651
411
174
336
937
81
458
356
522
147
810
487
548
644
687
560
780
419
704
420
830
970
430
834
277
575
873
54
82
908
742
16
696
757
243
161
448
394
686
203
441
223
685
304
628
896
204
141
655
113
995
801
32
670
828
189
712
183
985
251
377
711
960
305
165
143
84
260
653
62
878
62
286
716
19
148
103
321
699
113
856
322